0.0 Point SC[5].B[0] Primary Vector [0.0 0.0 -1.0] at SC[4]
0.0 Align SC[5].B[0] Secondary Vector [0.0 1.0 0.0] with L-frame Vector [0.0 1.0 0.0]
0.0 Align SC[6].B[0] Primary Vector [0.0 0.0 1.0] with L-frame Vector [1.0 0.0 1.0]
0.0 Point SC[6].B[0] Secondary Vector [1.0 0.0 0.0] at SUN
# 1.0 ShowHUD FALSE
# 1.0 CaptureCam TRUE

Reached CmdScript EOF at Time = 0.000000
Initializing glfw
Initializing Cam Window
Loading Cam Shaders
Loading Cam Textures
Loading 3D Noise
Loading Cam Lists
Done Initializing Cam Window
0.495134 -0.857597 0.139173 0.069587 -0.120527 -0.990268 0.866025 0.500000 -0.000000 
    42 Case ./DataCollectionSim/ is   0% Complete at Time =        0.000
0.495086 -0.857512 0.139864 0.068410 -0.122005 -0.990169 0.866146 0.499787 -0.001740 
0.495040 -0.857426 0.140556 0.067234 -0.123481 -0.990067 0.866265 0.499573 -0.003480 
0.494996 -0.857338 0.141247 0.066057 -0.124957 -0.989961 0.866381 0.499357 -0.005220 
0.494953 -0.857248 0.141938 0.064880 -0.126433 -0.989851 0.866494 0.499139 -0.006960 
0.494912 -0.857157 0.142629 0.063703 -0.127909 -0.989738 0.866605 0.498920 -0.008700 
0.494873 -0.857065 0.143320 0.062525 -0.129383 -0.989621 0.866713 0.498698 -0.010440 
0.494836 -0.856971 0.144010 0.061348 -0.130858 -0.989501 0.866818 0.498475 -0.012180 
0.494800 -0.856875 0.144701 0.060170 -0.132332 -0.989378 0.866921 0.498251 -0.013920 
0.494766 -0.856778 0.145391 0.058992 -0.133805 -0.989250 0.867022 0.498024 -0.015659 
0.494734 -0.856679 0.146082 0.057814 -0.135278 -0.989119 0.867119 0.497796 -0.017399 
0.494703 -0.856579 0.146772 0.056635 -0.136751 -0.988985 0.867215 0.497566 -0.019139 
0.494674 -0.856477 0.147462 0.055456 -0.138223 -0.988847 0.867307 0.497335 -0.020878 
0.494647 -0.856373 0.148152 0.054278 -0.139694 -0.988706 0.867398 0.497102 -0.022617 
0.494621 -0.856269 0.148842 0.053099 -0.141165 -0.988561 0.867485 0.496867 -0.024357 
0.494598 -0.856162 0.149531 0.051919 -0.142636 -0.988413 0.867570 0.496630 -0.026096 
0.494575 -0.856054 0.150221 0.050740 -0.144106 -0.988261 0.867652 0.496392 -0.027835 
0.494555 -0.855945 0.150910 0.049560 -0.145575 -0.988105 0.867732 0.496152 -0.029574 
0.494536 -0.855834 0.151599 0.048381 -0.147044 -0.987946 0.867809 0.495910 -0.031313 
0.494520 -0.855721 0.152288 0.047201 -0.148513 -0.987783 0.867884 0.495666 -0.033052 
0.494504 -0.855607 0.152976 0.046021 -0.149981 -0.987617 0.867956 0.495421 -0.034791 
0.494491 -0.855492 0.153664 0.044840 -0.151448 -0.987448 0.868025 0.495174 -0.036529 
0.494479 -0.855375 0.154353 0.043660 -0.152915 -0.987274 0.868092 0.494926 -0.038268 
0.494469 -0.855256 0.155040 0.042479 -0.154381 -0.987098 0.868157 0.494675 -0.040006 
0.494461 -0.855136 0.155728 0.041299 -0.155847 -0.986918 0.868218 0.494423 -0.041744 
0.494454 -0.855014 0.156415 0.040118 -0.157312 -0.986734 0.868278 0.494169 -0.043482 
0.494449 -0.854891 0.157103 0.038937 -0.158777 -0.986546 0.868334 0.493914 -0.045220 
0.494446 -0.854767 0.157789 0.037756 -0.160241 -0.986356 0.868388 0.493657 -0.046958 
0.494444 -0.854640 0.158476 0.036575 -0.161704 -0.986161 0.868440 0.493398 -0.048695 
0.494444 -0.854513 0.159162 0.035394 -0.163167 -0.985963 0.868488 0.493137 -0.050433 
0.494446 -0.854384 0.159848 0.034212 -0.164629 -0.985762 0.868535 0.492875 -0.052170 
0.494450 -0.854253 0.160534 0.033031 -0.166091 -0.985557 0.868578 0.492611 -0.053907 
0.494455 -0.854121 0.161220 0.031849 -0.167552 -0.985349 0.868619 0.492346 -0.055644 
0.494462 -0.853987 0.161905 0.030667 -0.169012 -0.985137 0.868658 0.492078 -0.057381 
0.494471 -0.853852 0.162589 0.029486 -0.170472 -0.984921 0.868694 0.491809 -0.059117 
0.494482 -0.853715 0.163274 0.028304 -0.171932 -0.984702 0.868727 0.491538 -0.060854 
0.494494 -0.853577 0.163958 0.027122 -0.173390 -0.984480 0.868758 0.491266 -0.062590 
0.494508 -0.853437 0.164642 0.025940 -0.174848 -0.984254 0.868786 0.490992 -0.064326 
0.494523 -0.853296 0.165325 0.024758 -0.176306 -0.984024 0.868812 0.490716 -0.066062 
0.494541 -0.853153 0.166008 0.023575 -0.177762 -0.983791 0.868835 0.490438 -0.067797 
0.494560 -0.853009 0.166691 0.022393 -0.179218 -0.983554 0.868855 0.490159 -0.069533 
0.494580 -0.852864 0.167373 0.021211 -0.180674 -0.983314 0.868873 0.489878 -0.071268 
0.494603 -0.852716 0.168055 0.020029 -0.182129 -0.983071 0.868888 0.489596 -0.073003 
0.494627 -0.852568 0.168737 0.018846 -0.183583 -0.982824 0.868901 0.489311 -0.074738 
0.494653 -0.852418 0.169418 0.017664 -0.185036 -0.982573 0.868911 0.489025 -0.076472 
0.494681 -0.852266 0.170099 0.016481 -0.186489 -0.982319 0.868919 0.488737 -0.078206 
0.494710 -0.852113 0.170779 0.015299 -0.187941 -0.982061 0.868924 0.488448 -0.079940 
0.494741 -0.851958 0.171459 0.014116 -0.189393 -0.981800 0.868926 0.488157 -0.081674 
0.494774 -0.851802 0.172139 0.012934 -0.190844 -0.981535 0.868926 0.487864 -0.083408 
0.494808 -0.851645 0.172818 0.011751 -0.192294 -0.981267 0.868923 0.487570 -0.085141 
0.494844 -0.851486 0.173497 0.010568 -0.193743 -0.980995 0.868917 0.487274 -0.086874 
0.494882 -0.851325 0.174175 0.009386 -0.195192 -0.980720 0.868909 0.486976 -0.088607 
0.494922 -0.851163 0.174853 0.008203 -0.196640 -0.980441 0.868899 0.486676 -0.090339 
0.494963 -0.851000 0.175530 0.007020 -0.198087 -0.980159 0.868886 0.486375 -0.092072 
0.495006 -0.850835 0.176207 0.005838 -0.199534 -0.979873 0.868870 0.486072 -0.093804 
0.495051 -0.850669 0.176883 0.004655 -0.200980 -0.979584 0.868852 0.485767 -0.095535 
0.495097 -0.850501 0.177559 0.003473 -0.202425 -0.979292 0.868831 0.485461 -0.097267 
0.495145 -0.850331 0.178234 0.002290 -0.203870 -0.978995 0.868807 0.485153 -0.098998 
0.495195 -0.850161 0.178909 0.001107 -0.205313 -0.978696 0.868781 0.484843 -0.100729 
0.495247 -0.849989 0.179584 -0.000075 -0.206756 -0.978392 0.868752 0.484532 -0.102459 
0.495300 -0.849815 0.180258 -0.001258 -0.208199 -0.978086 0.868721 0.484219 -0.104189 
0.495355 -0.849640 0.180931 -0.002440 -0.209640 -0.977776 0.868687 0.483904 -0.105919 
0.495411 -0.849463 0.181604 -0.003622 -0.211081 -0.977462 0.868651 0.483588 -0.107649 
0.495470 -0.849285 0.182276 -0.004805 -0.212521 -0.977145 0.868612 0.483270 -0.109378 
0.495530 -0.849106 0.182948 -0.005987 -0.213960 -0.976824 0.868570 0.482950 -0.111107 
0.495592 -0.848925 0.183619 -0.007169 -0.215398 -0.976500 0.868526 0.482629 -0.112836 
0.495655 -0.848742 0.184289 -0.008352 -0.216836 -0.976172 0.868479 0.482306 -0.114564 
0.495720 -0.848558 0.184960 -0.009534 -0.218273 -0.975841 0.868430 0.481981 -0.116292 
0.495787 -0.848373 0.185629 -0.010716 -0.219709 -0.975507 0.868378 0.481654 -0.118020 
0.495856 -0.848186 0.186298 -0.011898 -0.221144 -0.975169 0.868323 0.481326 -0.119747 
0.495926 -0.847998 0.186966 -0.013080 -0.222579 -0.974827 0.868266 0.480996 -0.121474 
0.495998 -0.847809 0.187634 -0.014262 -0.224012 -0.974482 0.868207 0.480665 -0.123201 
0.496071 -0.847618 0.188301 -0.015443 -0.225445 -0.974133 0.868144 0.480332 -0.124927 
0.496147 -0.847425 0.188968 -0.016625 -0.226877 -0.973781 0.868079 0.479997 -0.126653 
0.496224 -0.847231 0.189634 -0.017807 -0.228309 -0.973426 0.868012 0.479660 -0.128379 
0.496303 -0.847036 0.190299 -0.018988 -0.229739 -0.973067 0.867942 0.479322 -0.130104 
0.496383 -0.846839 0.190963 -0.020169 -0.231169 -0.972705 0.867869 0.478982 -0.131828 
0.496465 -0.846641 0.191627 -0.021351 -0.232597 -0.972339 0.867794 0.478641 -0.133553 
0.496549 -0.846442 0.192291 -0.022532 -0.234025 -0.971969 0.867716 0.478298 -0.135277 
0.496634 -0.846241 0.192953 -0.023713 -0.235453 -0.971597 0.867636 0.477953 -0.137000 
0.496722 -0.846038 0.193615 -0.024894 -0.236879 -0.971220 0.867553 0.477606 -0.138724 
0.496811 -0.845834 0.194277 -0.026074 -0.238304 -0.970840 0.867467 0.477258 -0.140447 
0.496901 -0.845629 0.194938 -0.027255 -0.239729 -0.970457 0.867379 0.476908 -0.142169 
0.496993 -0.845422 0.195598 -0.028435 -0.241152 -0.970071 0.867288 0.476557 -0.143891 
0.497087 -0.845214 0.196257 -0.029616 -0.242575 -0.969680 0.867195 0.476204 -0.145613 
0.497183 -0.845005 0.196915 -0.030796 -0.243997 -0.969287 0.867099 0.475849 -0.147334 
0.497280 -0.844794 0.197573 -0.031976 -0.245418 -0.968890 0.867001 0.475492 -0.149055 
0.497379 -0.844582 0.198231 -0.033156 -0.246838 -0.968489 0.866899 0.475134 -0.150775 
0.497480 -0.844368 0.198887 -0.034335 -0.248258 -0.968085 0.866796 0.474774 -0.152495 
0.497582 -0.844153 0.199543 -0.035515 -0.249676 -0.967678 0.866689 0.474413 -0.154214 
0.497686 -0.843937 0.200198 -0.036694 -0.251093 -0.967267 0.866581 0.474049 -0.155933 
0.497792 -0.843719 0.200852 -0.037873 -0.252510 -0.966853 0.866469 0.473685 -0.157652 
0.497899 -0.843500 0.201506 -0.039052 -0.253926 -0.966435 0.866355 0.473318 -0.159370 
0.498008 -0.843279 0.202158 -0.040231 -0.255340 -0.966014 0.866238 0.472950 -0.161088 
0.498119 -0.843057 0.202810 -0.041410 -0.256754 -0.965589 0.866119 0.472580 -0.162805 
0.498232 -0.842834 0.203462 -0.042588 -0.258167 -0.965161 0.865997 0.472209 -0.164522 
0.498346 -0.842609 0.204112 -0.043766 -0.259579 -0.964730 0.865873 0.471836 -0.166238 
0.498461 -0.842383 0.204762 -0.044944 -0.260990 -0.964295 0.865746 0.471461 -0.167954 
0.498579 -0.842155 0.205411 -0.046122 -0.262400 -0.963856 0.865616 0.471084 -0.169669 
0.498698 -0.841926 0.206059 -0.047299 -0.263809 -0.963414 0.865484 0.470706 -0.171384 
0.498819 -0.841696 0.206706 -0.048477 -0.265218 -0.962969 0.865350 0.470327 -0.173098 
    42 Case ./DataCollectionSim/ is  10% Complete at Time =      100.000
0.498941 -0.841465 0.207353 -0.049654 -0.266625 -0.962520 0.865212 0.469945 -0.174812 
0.499065 -0.841232 0.207998 -0.050831 -0.268031 -0.962068 0.865072 0.469562 -0.176526 
0.499191 -0.840997 0.208643 -0.052007 -0.269437 -0.961613 0.864930 0.469177 -0.178238 
0.499318 -0.840762 0.209287 -0.053184 -0.270841 -0.961154 0.864785 0.468791 -0.179951 
0.499447 -0.840525 0.209930 -0.054360 -0.272244 -0.960691 0.864637 0.468403 -0.181663 
0.499578 -0.840286 0.210572 -0.055536 -0.273647 -0.960226 0.864487 0.468013 -0.183374 
0.499711 -0.840046 0.211214 -0.056711 -0.275048 -0.959756 0.864334 0.467622 -0.185085 
0.499845 -0.839805 0.211854 -0.057887 -0.276449 -0.959284 0.864178 0.467229 -0.186795 
0.499980 -0.839563 0.212494 -0.059062 -0.277848 -0.958808 0.864020 0.466835 -0.188505 
0.500118 -0.839319 0.213133 -0.060237 -0.279246 -0.958328 0.863860 0.466438 -0.190214 
0.500257 -0.839074 0.213771 -0.061411 -0.280644 -0.957845 0.863697 0.466041 -0.191923 
0.500397 -0.838828 0.214408 -0.062586 -0.282040 -0.957359 0.863531 0.465641 -0.193631 
0.500540 -0.838580 0.215044 -0.063760 -0.283436 -0.956869 0.863362 0.465240 -0.195338 
0.500684 -0.838331 0.215679 -0.064933 -0.284830 -0.956376 0.863192 0.464837 -0.197045 
0.500829 -0.838080 0.216314 -0.066107 -0.286223 -0.955880 0.863018 0.464433 -0.198752 
0.500976 -0.837828 0.216947 -0.067280 -0.287616 -0.955380 0.862842 0.464027 -0.200458 
0.501125 -0.837575 0.217580 -0.068453 -0.289007 -0.954877 0.862663 0.463619 -0.202163 
0.501276 -0.837321 0.218211 -0.069625 -0.290397 -0.954370 0.862482 0.463209 -0.203868 
0.501428 -0.837065 0.218842 -0.070798 -0.291786 -0.953860 0.862298 0.462798 -0.205572 
0.501582 -0.836808 0.219471 -0.071969 -0.293175 -0.953346 0.862111 0.462386 -0.207276 
0.501737 -0.836550 0.220100 -0.073141 -0.294562 -0.952829 0.861922 0.461972 -0.208979 
0.501894 -0.836290 0.220728 -0.074312 -0.295948 -0.952309 0.861731 0.461556 -0.210681 
0.502053 -0.836029 0.221355 -0.075483 -0.297333 -0.951785 0.861537 0.461138 -0.212383 
0.502213 -0.835767 0.221981 -0.076654 -0.298717 -0.951258 0.861340 0.460719 -0.214084 
0.502375 -0.835503 0.222605 -0.077824 -0.300099 -0.950728 0.861140 0.460298 -0.215785 
0.502539 -0.835239 0.223229 -0.078994 -0.301481 -0.950194 0.860938 0.459876 -0.217485 
0.502704 -0.834972 0.223852 -0.080164 -0.302862 -0.949657 0.860734 0.459452 -0.219184 
0.502871 -0.834705 0.224474 -0.081333 -0.304241 -0.949117 0.860527 0.459026 -0.220883 
0.503039 -0.834436 0.225095 -0.082502 -0.305620 -0.948573 0.860317 0.458599 -0.222581 
0.503209 -0.834166 0.225715 -0.083670 -0.306997 -0.948025 0.860104 0.458170 -0.224279 
0.503381 -0.833895 0.226333 -0.084838 -0.308373 -0.947475 0.859890 0.457739 -0.225976 
0.503554 -0.833622 0.226951 -0.086006 -0.309749 -0.946921 0.859672 0.457307 -0.227672 
0.503729 -0.833349 0.227568 -0.087173 -0.311123 -0.946363 0.859452 0.456873 -0.229367 
0.503906 -0.833073 0.228184 -0.088340 -0.312496 -0.945803 0.859229 0.456437 -0.231062 
0.504084 -0.832797 0.228798 -0.089507 -0.313867 -0.945238 0.859004 0.456000 -0.232757 
0.504264 -0.832519 0.229412 -0.090673 -0.315238 -0.944671 0.858776 0.455562 -0.234450 
0.504445 -0.832240 0.230024 -0.091839 -0.316608 -0.944100 0.858546 0.455121 -0.236143 
0.504628 -0.831960 0.230636 -0.093004 -0.317976 -0.943526 0.858313 0.454679 -0.237836 
0.504812 -0.831679 0.231246 -0.094169 -0.319343 -0.942949 0.858077 0.454236 -0.239527 
0.504999 -0.831396 0.231855 -0.095334 -0.320709 -0.942368 0.857839 0.453791 -0.241218 
0.505186 -0.831112 0.232464 -0.096498 -0.322074 -0.941784 0.857598 0.453344 -0.242908 
0.505376 -0.830827 0.233071 -0.097662 -0.323438 -0.941196 0.857355 0.452895 -0.244598 
0.505567 -0.830541 0.233677 -0.098825 -0.324801 -0.940605 0.857109 0.452445 -0.246287 
0.505759 -0.830253 0.234282 -0.099988 -0.326162 -0.940011 0.856861 0.451994 -0.247975 
0.505953 -0.829964 0.234885 -0.101151 -0.327523 -0.939413 0.856610 0.451540 -0.249663 
0.506149 -0.829674 0.235488 -0.102313 -0.328882 -0.938812 0.856356 0.451085 -0.251349 
0.506346 -0.829383 0.236089 -0.103475 -0.330240 -0.938208 0.856100 0.450629 -0.253036 
0.506545 -0.829090 0.236690 -0.104636 -0.331596 -0.937601 0.855841 0.450171 -0.254721 
0.506745 -0.828796 0.237289 -0.105796 -0.332952 -0.936990 0.855579 0.449711 -0.256406 
0.506947 -0.828501 0.237887 -0.106957 -0.334306 -0.936376 0.855315 0.449250 -0.258089 
0.507151 -0.828205 0.238484 -0.108117 -0.335659 -0.935758 0.855049 0.448787 -0.259773 
0.507356 -0.827907 0.239080 -0.109276 -0.337011 -0.935137 0.854780 0.448322 -0.261455 
0.507563 -0.827609 0.239674 -0.110435 -0.338362 -0.934513 0.854508 0.447856 -0.263137 
0.507771 -0.827309 0.240268 -0.111593 -0.339712 -0.933886 0.854234 0.447388 -0.264818 
0.507981 -0.827008 0.240860 -0.112751 -0.341060 -0.933255 0.853957 0.446919 -0.266498 
0.508193 -0.826705 0.241451 -0.113909 -0.342407 -0.932621 0.853677 0.446448 -0.268178 
0.508406 -0.826402 0.242041 -0.115066 -0.343753 -0.931984 0.853395 0.445975 -0.269856 
0.508620 -0.826097 0.242629 -0.116222 -0.345098 -0.931343 0.853111 0.445501 -0.271534 
0.508836 -0.825791 0.243217 -0.117378 -0.346441 -0.930699 0.852824 0.445025 -0.273211 
0.509054 -0.825484 0.243803 -0.118533 -0.347783 -0.930052 0.852534 0.444548 -0.274888 
0.509273 -0.825176 0.244388 -0.119688 -0.349124 -0.929401 0.852241 0.444069 -0.276563 
0.509494 -0.824867 0.244972 -0.120843 -0.350464 -0.928748 0.851947 0.443588 -0.278238 
0.509716 -0.824556 0.245554 -0.121997 -0.351802 -0.928091 0.851649 0.443106 -0.279912 
0.509940 -0.824244 0.246136 -0.123150 -0.353139 -0.927430 0.851349 0.442622 -0.281586 
0.510165 -0.823931 0.246716 -0.124303 -0.354475 -0.926767 0.851046 0.442137 -0.283258 
0.510392 -0.823617 0.247294 -0.125456 -0.355809 -0.926100 0.850741 0.441650 -0.284930 
0.510621 -0.823302 0.247872 -0.126607 -0.357143 -0.925429 0.850433 0.441161 -0.286601 
0.510851 -0.822985 0.248448 -0.127759 -0.358475 -0.924756 0.850123 0.440671 -0.288271 
0.511082 -0.822668 0.249023 -0.128910 -0.359806 -0.924079 0.849810 0.440179 -0.289940 
0.511316 -0.822349 0.249597 -0.130060 -0.361135 -0.923399 0.849494 0.439686 -0.291608 
0.511550 -0.822029 0.250169 -0.131209 -0.362463 -0.922716 0.849176 0.439191 -0.293276 
0.511786 -0.821708 0.250740 -0.132359 -0.363790 -0.922029 0.848856 0.438694 -0.294943 
0.512024 -0.821386 0.251310 -0.133507 -0.365115 -0.921340 0.848532 0.438196 -0.296609 
0.512263 -0.821063 0.251878 -0.134655 -0.366440 -0.920646 0.848207 0.437696 -0.298274 
0.512504 -0.820738 0.252446 -0.135803 -0.367763 -0.919950 0.847878 0.437195 -0.299938 
0.512746 -0.820413 0.253012 -0.136950 -0.369084 -0.919251 0.847547 0.436692 -0.301602 
0.512990 -0.820086 0.253576 -0.138096 -0.370404 -0.918548 0.847214 0.436188 -0.303264 
0.513235 -0.819758 0.254139 -0.139242 -0.371723 -0.917842 0.846878 0.435682 -0.304926 
0.513482 -0.819429 0.254701 -0.140387 -0.373041 -0.917132 0.846539 0.435174 -0.306587 
0.513730 -0.819099 0.255262 -0.141531 -0.374357 -0.916420 0.846198 0.434665 -0.308247 
0.513980 -0.818768 0.255821 -0.142675 -0.375672 -0.915704 0.845854 0.434154 -0.309906 
0.514231 -0.818435 0.256379 -0.143818 -0.376986 -0.914985 0.845507 0.433642 -0.311564 
0.514484 -0.818102 0.256935 -0.144961 -0.378298 -0.914263 0.845159 0.433128 -0.313221 
0.514738 -0.817768 0.257490 -0.146103 -0.379609 -0.913538 0.844807 0.432612 -0.314878 
0.514993 -0.817432 0.258044 -0.147245 -0.380918 -0.912809 0.844453 0.432095 -0.316533 
0.515251 -0.817095 0.258596 -0.148386 -0.382227 -0.912077 0.844096 0.431576 -0.318188 
0.515509 -0.816758 0.259147 -0.149526 -0.383533 -0.911342 0.843737 0.431056 -0.319842 
0.515769 -0.816419 0.259697 -0.150666 -0.384839 -0.910604 0.843375 0.430534 -0.321494 
0.516031 -0.816079 0.260245 -0.151805 -0.386143 -0.909862 0.843011 0.430011 -0.323146 
0.516294 -0.815738 0.260792 -0.152943 -0.387445 -0.909117 0.842644 0.429486 -0.324797 
0.516559 -0.815396 0.261337 -0.154081 -0.388747 -0.908369 0.842274 0.428959 -0.326447 
0.516825 -0.815052 0.261881 -0.155218 -0.390047 -0.907618 0.841902 0.428431 -0.328096 
0.517092 -0.814708 0.262424 -0.156354 -0.391345 -0.906864 0.841528 0.427901 -0.329745 
0.517361 -0.814363 0.262965 -0.157490 -0.392642 -0.906106 0.841150 0.427370 -0.331392 
0.517632 -0.814017 0.263504 -0.158625 -0.393938 -0.905346 0.840771 0.426837 -0.333038 
0.517904 -0.813669 0.264042 -0.159760 -0.395232 -0.904582 0.840388 0.426303 -0.334684 
0.518177 -0.813321 0.264579 -0.160894 -0.396525 -0.903815 0.840004 0.425767 -0.336328 
0.518452 -0.812971 0.265114 -0.162027 -0.397816 -0.903045 0.839616 0.425229 -0.337972 
0.518728 -0.812621 0.265648 -0.163159 -0.399106 -0.902271 0.839226 0.424690 -0.339614 
0.519006 -0.812269 0.266181 -0.164291 -0.400395 -0.901495 0.838833 0.424150 -0.341256 
    42 Case ./DataCollectionSim/ is  20% Complete at Time =      200.000
0.519285 -0.811916 0.266712 -0.165422 -0.401682 -0.900715 0.838438 0.423607 -0.342896 
0.519565 -0.811563 0.267241 -0.166553 -0.402968 -0.899932 0.838041 0.423064 -0.344536 
0.519847 -0.811208 0.267769 -0.167682 -0.404252 -0.899146 0.837640 0.422518 -0.346175 
0.520131 -0.810852 0.268295 -0.168811 -0.405535 -0.898356 0.837238 0.421972 -0.347812 
0.520416 -0.810496 0.268820 -0.169940 -0.406816 -0.897564 0.836832 0.421423 -0.349449 
0.520702 -0.810138 0.269344 -0.171067 -0.408096 -0.896768 0.836424 0.420873 -0.351085 
0.520990 -0.809779 0.269866 -0.172194 -0.409375 -0.895970 0.836014 0.420322 -0.352719 
0.521279 -0.809419 0.270386 -0.173320 -0.410652 -0.895168 0.835601 0.419769 -0.354353 
0.521569 -0.809059 0.270905 -0.174446 -0.411927 -0.894363 0.835185 0.419214 -0.355986 
0.521861 -0.808697 0.271423 -0.175571 -0.413201 -0.893555 0.834767 0.418658 -0.357617 
0.522155 -0.808334 0.271939 -0.176695 -0.414474 -0.892743 0.834346 0.418100 -0.359248 
0.522449 -0.807970 0.272453 -0.177818 -0.415745 -0.891929 0.833923 0.417541 -0.360877 
0.522746 -0.807606 0.272966 -0.178941 -0.417015 -0.891111 0.833497 0.416980 -0.362506 
0.523043 -0.807240 0.273477 -0.180062 -0.418283 -0.890290 0.833069 0.416417 -0.364133 
0.523342 -0.806873 0.273987 -0.181183 -0.419549 -0.889467 0.832638 0.415854 -0.365760 
0.523643 -0.806505 0.274495 -0.182304 -0.420814 -0.888640 0.832204 0.415288 -0.367385 
0.523944 -0.806137 0.275002 -0.183423 -0.422078 -0.887810 0.831768 0.414721 -0.369010 
0.524247 -0.805767 0.275507 -0.184542 -0.423340 -0.886976 0.831330 0.414153 -0.370633 
0.524552 -0.805397 0.276010 -0.185660 -0.424601 -0.886140 0.830888 0.413583 -0.372255 
0.524858 -0.805025 0.276512 -0.186778 -0.425860 -0.885301 0.830445 0.413011 -0.373877 
0.525165 -0.804653 0.277012 -0.187894 -0.427117 -0.884458 0.829998 0.412438 -0.375497 
0.525474 -0.804279 0.277511 -0.189010 -0.428374 -0.883613 0.829550 0.411863 -0.377116 
0.525784 -0.803905 0.278008 -0.190125 -0.429628 -0.882764 0.829098 0.411287 -0.378734 
0.526095 -0.803529 0.278504 -0.191239 -0.430881 -0.881912 0.828644 0.410709 -0.380351 
0.526408 -0.803153 0.278997 -0.192352 -0.432132 -0.881057 0.828188 0.410130 -0.381967 
0.526722 -0.802776 0.279490 -0.193465 -0.433382 -0.880199 0.827729 0.409549 -0.383581 
0.527038 -0.802398 0.279980 -0.194577 -0.434631 -0.879338 0.827267 0.408967 -0.385195 
0.527354 -0.802019 0.280469 -0.195688 -0.435878 -0.878474 0.826803 0.408383 -0.386807 
0.527673 -0.801639 0.280957 -0.196798 -0.437123 -0.877607 0.826337 0.407797 -0.388419 
0.527992 -0.801258 0.281443 -0.197908 -0.438367 -0.876737 0.825867 0.407210 -0.390029 
0.528313 -0.800876 0.281927 -0.199016 -0.439609 -0.875863 0.825396 0.406622 -0.391638 
0.528635 -0.800493 0.282409 -0.200124 -0.440849 -0.874987 0.824921 0.406032 -0.393246 
0.528959 -0.800110 0.282890 -0.201231 -0.442088 -0.874108 0.824445 0.405441 -0.394853 
0.529284 -0.799725 0.283369 -0.202337 -0.443326 -0.873225 0.823965 0.404848 -0.396459 
0.529610 -0.799340 0.283847 -0.203442 -0.444562 -0.872339 0.823483 0.404253 -0.398064 
0.529937 -0.798954 0.284323 -0.204547 -0.445796 -0.871451 0.822999 0.403657 -0.399667 
0.530266 -0.798567 0.284797 -0.205650 -0.447029 -0.870559 0.822512 0.403059 -0.401270 
0.530596 -0.798178 0.285269 -0.206753 -0.448260 -0.869665 0.822022 0.402460 -0.402871 
0.530928 -0.797790 0.285740 -0.207855 -0.449489 -0.868767 0.821530 0.401860 -0.404471 
0.531261 -0.797400 0.286210 -0.208956 -0.450717 -0.867866 0.821036 0.401258 -0.406070 
0.531595 -0.797009 0.286677 -0.210056 -0.451943 -0.866962 0.820539 0.400654 -0.407668 
0.531930 -0.796618 0.287143 -0.211156 -0.453168 -0.866055 0.820039 0.400049 -0.409264 
0.532267 -0.796225 0.287607 -0.212254 -0.454391 -0.865146 0.819537 0.399442 -0.410860 
0.532605 -0.795832 0.288069 -0.213352 -0.455613 -0.864233 0.819032 0.398834 -0.412454 
0.532944 -0.795438 0.288530 -0.214449 -0.456832 -0.863317 0.818525 0.398224 -0.414047 
0.533284 -0.795043 0.288989 -0.215545 -0.458051 -0.862398 0.818015 0.397613 -0.415639 
0.533626 -0.794647 0.289446 -0.216640 -0.459267 -0.861476 0.817502 0.397001 -0.417229 
0.533969 -0.794251 0.289901 -0.217734 -0.460482 -0.860551 0.816988 0.396386 -0.418819 
0.534314 -0.793853 0.290355 -0.218827 -0.461696 -0.859623 0.816470 0.395771 -0.420407 
0.534659 -0.793455 0.290807 -0.219919 -0.462907 -0.858692 0.815950 0.395154 -0.421994 
0.535006 -0.793056 0.291258 -0.221011 -0.464117 -0.857758 0.815428 0.394535 -0.423580 
0.535354 -0.792656 0.291706 -0.222102 -0.465326 -0.856821 0.814903 0.393915 -0.425164 
0.535704 -0.792255 0.292153 -0.223191 -0.466532 -0.855882 0.814375 0.393293 -0.426748 
0.536055 -0.791853 0.292598 -0.224280 -0.467737 -0.854939 0.813845 0.392670 -0.428330 
0.536407 -0.791451 0.293041 -0.225368 -0.468941 -0.853993 0.813313 0.392045 -0.429911 
0.536760 -0.791048 0.293483 -0.226455 -0.470143 -0.853044 0.812777 0.391419 -0.431490 
0.537114 -0.790644 0.293922 -0.227541 -0.471343 -0.852092 0.812240 0.390792 -0.433069 
0.537470 -0.790239 0.294360 -0.228626 -0.472541 -0.851138 0.811700 0.390163 -0.434646 
0.537827 -0.789834 0.294796 -0.229710 -0.473738 -0.850180 0.811157 0.389532 -0.436222 
0.538185 -0.789427 0.295231 -0.230793 -0.474933 -0.849219 0.810612 0.388900 -0.437796 
0.538544 -0.789020 0.295663 -0.231875 -0.476126 -0.848256 0.810064 0.388266 -0.439369 
0.538905 -0.788613 0.296094 -0.232957 -0.477318 -0.847289 0.809514 0.387631 -0.440942 
0.539267 -0.788204 0.296523 -0.234037 -0.478508 -0.846320 0.808961 0.386995 -0.442512 
0.539630 -0.787795 0.296950 -0.235117 -0.479696 -0.845347 0.808406 0.386357 -0.444082 
0.539994 -0.787384 0.297376 -0.236195 -0.480883 -0.844372 0.807848 0.385717 -0.445650 
0.540360 -0.786973 0.297799 -0.237273 -0.482068 -0.843394 0.807288 0.385076 -0.447217 
0.540726 -0.786562 0.298221 -0.238349 -0.483251 -0.842412 0.806725 0.384434 -0.448783 
0.541094 -0.786149 0.298641 -0.239425 -0.484432 -0.841428 0.806159 0.383790 -0.450347 
0.541463 -0.785736 0.299059 -0.240499 -0.485612 -0.840441 0.805592 0.383144 -0.451910 
0.541833 -0.785322 0.299475 -0.241573 -0.486790 -0.839451 0.805021 0.382497 -0.453472 
0.542205 -0.784908 0.299890 -0.242646 -0.487966 -0.838458 0.804448 0.381849 -0.455032 
0.542577 -0.784492 0.300302 -0.243717 -0.489141 -0.837462 0.803873 0.381199 -0.456591 
0.542951 -0.784076 0.300713 -0.244788 -0.490314 -0.836464 0.803295 0.380548 -0.458149 
0.543326 -0.783660 0.301122 -0.245858 -0.491485 -0.835462 0.802715 0.379895 -0.459705 
0.543702 -0.783242 0.301529 -0.246927 -0.492654 -0.834457 0.802132 0.379241 -0.461260 
0.544080 -0.782824 0.301934 -0.247994 -0.493822 -0.833450 0.801546 0.378585 -0.462814 
0.544458 -0.782405 0.302337 -0.249061 -0.494987 -0.832440 0.800958 0.377928 -0.464367 
0.544838 -0.781985 0.302739 -0.250127 -0.496152 -0.831427 0.800368 0.377270 -0.465918 
0.545218 -0.781565 0.303138 -0.251192 -0.497314 -0.830411 0.799775 0.376609 -0.467467 
0.545600 -0.781144 0.303536 -0.252255 -0.498475 -0.829392 0.799179 0.375948 -0.469016 
0.545983 -0.780723 0.303931 -0.253318 -0.499633 -0.828370 0.798581 0.375285 -0.470563 
0.546368 -0.780300 0.304325 -0.254380 -0.500790 -0.827345 0.797981 0.374621 -0.472108 
0.546753 -0.779877 0.304717 -0.255440 -0.501946 -0.826318 0.797378 0.373955 -0.473652 
0.547140 -0.779454 0.305107 -0.256500 -0.503099 -0.825287 0.796772 0.373287 -0.475195 
0.547527 -0.779029 0.305496 -0.257558 -0.504251 -0.824254 0.796164 0.372618 -0.476737 
0.547916 -0.778604 0.305882 -0.258616 -0.505401 -0.823218 0.795554 0.371948 -0.478277 
0.548306 -0.778178 0.306266 -0.259672 -0.506549 -0.822179 0.794941 0.371277 -0.479815 
0.548697 -0.777752 0.306649 -0.260728 -0.507695 -0.821137 0.794325 0.370603 -0.481353 
0.549089 -0.777325 0.307029 -0.261782 -0.508840 -0.820093 0.793707 0.369929 -0.482888 
0.549482 -0.776898 0.307408 -0.262836 -0.509983 -0.819045 0.793087 0.369253 -0.484423 
0.549876 -0.776469 0.307785 -0.263888 -0.511124 -0.817995 0.792464 0.368575 -0.485956 
0.550272 -0.776040 0.308159 -0.264939 -0.512263 -0.816942 0.791839 0.367896 -0.487487 
0.550668 -0.775611 0.308532 -0.265989 -0.513400 -0.815886 0.791211 0.367216 -0.489018 
0.551066 -0.775181 0.308903 -0.267038 -0.514536 -0.814827 0.790580 0.366534 -0.490546 
0.551464 -0.774750 0.309272 -0.268086 -0.515670 -0.813766 0.789947 0.365851 -0.492074 
0.551864 -0.774319 0.309639 -0.269133 -0.516802 -0.812701 0.789312 0.365166 -0.493599 
0.552265 -0.773887 0.310004 -0.270179 -0.517932 -0.811634 0.788674 0.364480 -0.495124 
0.552667 -0.773454 0.310367 -0.271224 -0.519060 -0.810564 0.788034 0.363793 -0.496647 
0.553070 -0.773021 0.310728 -0.272268 -0.520186 -0.809491 0.787391 0.363104 -0.498168 
0.553474 -0.772587 0.311088 -0.273310 -0.521311 -0.808416 0.786745 0.362413 -0.499688 
    42 Case ./DataCollectionSim/ is  30% Complete at Time =      300.000
0.553879 -0.772153 0.311445 -0.274352 -0.522434 -0.807338 0.786097 0.361722 -0.501207 
0.554285 -0.771718 0.311800 -0.275392 -0.523555 -0.806256 0.785447 0.361028 -0.502724 
0.554692 -0.771283 0.312153 -0.276432 -0.524674 -0.805173 0.784794 0.360334 -0.504239 
0.555100 -0.770847 0.312505 -0.277470 -0.525791 -0.804086 0.784139 0.359638 -0.505754 
0.555510 -0.770410 0.312854 -0.278507 -0.526907 -0.802997 0.783481 0.358940 -0.507266 
0.555920 -0.769973 0.313201 -0.279543 -0.528020 -0.801904 0.782821 0.358241 -0.508777 
0.556331 -0.769535 0.313547 -0.280578 -0.529132 -0.800809 0.782158 0.357541 -0.510287 
0.556743 -0.769097 0.313890 -0.281612 -0.530242 -0.799712 0.781493 0.356839 -0.511795 
0.557157 -0.768658 0.314231 -0.282644 -0.531349 -0.798611 0.780826 0.356136 -0.513302 
0.557571 -0.768218 0.314571 -0.283676 -0.532456 -0.797508 0.780155 0.355431 -0.514807 
0.557987 -0.767779 0.314908 -0.284706 -0.533560 -0.796402 0.779483 0.354726 -0.516310 
0.558403 -0.767338 0.315243 -0.285735 -0.534662 -0.795294 0.778808 0.354018 -0.517812 
0.558820 -0.766897 0.315577 -0.286763 -0.535762 -0.794182 0.778130 0.353309 -0.519313 
0.559239 -0.766456 0.315908 -0.287790 -0.536861 -0.793068 0.777450 0.352599 -0.520812 
0.559658 -0.766013 0.316237 -0.288816 -0.537958 -0.791951 0.776768 0.351888 -0.522309 
0.560079 -0.765571 0.316565 -0.289841 -0.539052 -0.790832 0.776083 0.351175 -0.523805 
0.560500 -0.765128 0.316890 -0.290864 -0.540145 -0.789709 0.775395 0.350460 -0.525300 
0.560922 -0.764684 0.317213 -0.291887 -0.541236 -0.788584 0.774705 0.349744 -0.526793 
0.561346 -0.764240 0.317534 -0.292908 -0.542325 -0.787457 0.774013 0.349027 -0.528284 
0.561770 -0.763796 0.317853 -0.293928 -0.543413 -0.786326 0.773318 0.348309 -0.529774 
0.562195 -0.763351 0.318170 -0.294947 -0.544498 -0.785193 0.772621 0.347589 -0.531262 
0.562621 -0.762905 0.318485 -0.295964 -0.545581 -0.784058 0.771921 0.346867 -0.532748 
0.563048 -0.762459 0.318798 -0.296981 -0.546663 -0.782919 0.771219 0.346144 -0.534233 
0.563477 -0.762013 0.319109 -0.297996 -0.547742 -0.781778 0.770515 0.345420 -0.535717 
0.563906 -0.761566 0.319418 -0.299010 -0.548820 -0.780634 0.769807 0.344695 -0.537198 
0.564336 -0.761118 0.319725 -0.300023 -0.549895 -0.779488 0.769098 0.343968 -0.538679 
0.564766 -0.760671 0.320030 -0.301035 -0.550969 -0.778339 0.768386 0.343239 -0.540157 
0.565198 -0.760222 0.320333 -0.302045 -0.552041 -0.777187 0.767671 0.342510 -0.541634 
0.565631 -0.759773 0.320633 -0.303055 -0.553111 -0.776032 0.766955 0.341779 -0.543110 
0.566065 -0.759324 0.320932 -0.304063 -0.554179 -0.774875 0.766235 0.341046 -0.544583 
0.566499 -0.758875 0.321228 -0.305070 -0.555245 -0.773716 0.765513 0.340312 -0.546055 
0.566935 -0.758425 0.321523 -0.306075 -0.556309 -0.772553 0.764789 0.339577 -0.547526 
0.567371 -0.757974 0.321815 -0.307080 -0.557371 -0.771388 0.764063 0.338841 -0.548995 
0.567809 -0.757523 0.322105 -0.308083 -0.558431 -0.770220 0.763333 0.338103 -0.550462 
0.568247 -0.757072 0.322393 -0.309085 -0.559489 -0.769050 0.762602 0.337363 -0.551928 
0.568686 -0.756620 0.322680 -0.310086 -0.560545 -0.767877 0.761868 0.336623 -0.553392 
0.569126 -0.756168 0.322964 -0.311086 -0.561600 -0.766702 0.761132 0.335881 -0.554854 
0.569567 -0.755715 0.323245 -0.312084 -0.562652 -0.765524 0.760393 0.335137 -0.556315 
0.570009 -0.755262 0.323525 -0.313081 -0.563702 -0.764343 0.759651 0.334392 -0.557774 
0.570451 -0.754809 0.323803 -0.314077 -0.564751 -0.763159 0.758908 0.333646 -0.559231 
0.570895 -0.754355 0.324078 -0.315072 -0.565797 -0.761973 0.758161 0.332899 -0.560687 
0.571339 -0.753901 0.324352 -0.316065 -0.566841 -0.760785 0.757413 0.332150 -0.562141 
0.571785 -0.753447 0.324623 -0.317057 -0.567884 -0.759594 0.756662 0.331400 -0.563593 
0.572231 -0.752992 0.324892 -0.318048 -0.568924 -0.758400 0.755908 0.330648 -0.565044 
0.572678 -0.752537 0.325160 -0.319038 -0.569963 -0.757204 0.755152 0.329895 -0.566493 
0.573125 -0.752081 0.325425 -0.320026 -0.570999 -0.756005 0.754394 0.329141 -0.567940 
0.573574 -0.751625 0.325687 -0.321013 -0.572034 -0.754803 0.753633 0.328385 -0.569385 
0.574023 -0.751169 0.325948 -0.321999 -0.573066 -0.753599 0.752870 0.327629 -0.570829 
0.574474 -0.750712 0.326207 -0.322984 -0.574096 -0.752393 0.752105 0.326870 -0.572271 
0.574925 -0.750255 0.326463 -0.323967 -0.575125 -0.751184 0.751337 0.326111 -0.573712 
0.575377 -0.749798 0.326718 -0.324949 -0.576151 -0.749972 0.750566 0.325350 -0.575150 
0.575829 -0.749341 0.326970 -0.325930 -0.577176 -0.748758 0.749793 0.324587 -0.576587 
0.576283 -0.748883 0.327220 -0.326909 -0.578198 -0.747541 0.749018 0.323824 -0.578023 
0.576737 -0.748424 0.327468 -0.327888 -0.579218 -0.746321 0.748240 0.323059 -0.579456 
0.577192 -0.747966 0.327713 -0.328865 -0.580237 -0.745100 0.747460 0.322292 -0.580888 
0.577648 -0.747507 0.327957 -0.329840 -0.581253 -0.743875 0.746678 0.321525 -0.582318 
0.578105 -0.747048 0.328199 -0.330815 -0.582267 -0.742648 0.745893 0.320756 -0.583746 
0.578562 -0.746588 0.328438 -0.331788 -0.583280 -0.741419 0.745106 0.319985 -0.585172 
0.579021 -0.746129 0.328675 -0.332759 -0.584290 -0.740187 0.744316 0.319214 -0.586597 
0.579480 -0.745668 0.328910 -0.333730 -0.585298 -0.738952 0.743524 0.318441 -0.588020 
0.579940 -0.745208 0.329143 -0.334699 -0.586304 -0.737715 0.742729 0.317667 -0.589441 
0.580400 -0.744747 0.329373 -0.335666 -0.587308 -0.736476 0.741932 0.316891 -0.590861 
0.580861 -0.744287 0.329602 -0.336633 -0.588311 -0.735234 0.741133 0.316114 -0.592278 
0.581323 -0.743825 0.329828 -0.337598 -0.589311 -0.733990 0.740331 0.315336 -0.593694 
0.581786 -0.743364 0.330052 -0.338562 -0.590309 -0.732743 0.739527 0.314556 -0.595108 
0.582250 -0.742902 0.330274 -0.339524 -0.591304 -0.731493 0.738721 0.313776 -0.596520 
0.582714 -0.742440 0.330494 -0.340485 -0.592298 -0.730241 0.737912 0.312993 -0.597931 
0.583179 -0.741978 0.330712 -0.341445 -0.593290 -0.728987 0.737101 0.312210 -0.599339 
0.583645 -0.741516 0.330927 -0.342404 -0.594280 -0.727730 0.736287 0.311425 -0.600746 
0.584111 -0.741053 0.331141 -0.343361 -0.595267 -0.726471 0.735471 0.310639 -0.602151 
0.584578 -0.740590 0.331352 -0.344317 -0.596253 -0.725209 0.734652 0.309852 -0.603554 
0.585046 -0.740127 0.331560 -0.345271 -0.597237 -0.723945 0.733832 0.309063 -0.604956 
0.585515 -0.739664 0.331767 -0.346224 -0.598218 -0.722678 0.733008 0.308273 -0.606355 
0.585984 -0.739201 0.331972 -0.347176 -0.599197 -0.721409 0.732183 0.307482 -0.607753 
0.586454 -0.738737 0.332174 -0.348126 -0.600175 -0.720138 0.731355 0.306689 -0.609149 
0.586925 -0.738273 0.332374 -0.349075 -0.601150 -0.718864 0.730524 0.305896 -0.610542 
0.587396 -0.737809 0.332572 -0.350023 -0.602123 -0.717588 0.729692 0.305100 -0.611935 
0.587868 -0.737344 0.332768 -0.350969 -0.603094 -0.716309 0.728856 0.304304 -0.613325 
0.588341 -0.736880 0.332961 -0.351914 -0.604063 -0.715028 0.728019 0.303506 -0.614713 
0.588814 -0.736415 0.333152 -0.352858 -0.605030 -0.713744 0.727179 0.302707 -0.616100 
0.589288 -0.735950 0.333341 -0.353800 -0.605994 -0.712458 0.726337 0.301907 -0.617484 
0.589763 -0.735485 0.333528 -0.354740 -0.606957 -0.711170 0.725492 0.301106 -0.618867 
0.590238 -0.735020 0.333713 -0.355680 -0.607917 -0.709879 0.724645 0.300303 -0.620248 
0.590714 -0.734555 0.333895 -0.356618 -0.608876 -0.708586 0.723796 0.299499 -0.621627 
0.591191 -0.734089 0.334076 -0.357554 -0.609832 -0.707290 0.722944 0.298693 -0.623004 
0.591668 -0.733624 0.334254 -0.358490 -0.610786 -0.705992 0.722090 0.297887 -0.624379 
0.592146 -0.733158 0.334429 -0.359423 -0.611738 -0.704692 0.721234 0.297079 -0.625752 
0.592624 -0.732692 0.334603 -0.360356 -0.612688 -0.703389 0.720375 0.296270 -0.627124 
0.593103 -0.732226 0.334774 -0.361287 -0.613636 -0.702084 0.719514 0.295459 -0.628493 
0.593583 -0.731760 0.334943 -0.362216 -0.614582 -0.700777 0.718650 0.294648 -0.629861 
0.594063 -0.731293 0.335110 -0.363145 -0.615525 -0.699467 0.717784 0.293835 -0.631226 
0.594544 -0.730827 0.335275 -0.364071 -0.616467 -0.698155 0.716916 0.293020 -0.632590 
0.595026 -0.730360 0.335437 -0.364997 -0.617406 -0.696841 0.716046 0.292205 -0.633952 
0.595508 -0.729894 0.335597 -0.365921 -0.618343 -0.695524 0.715173 0.291388 -0.635311 
0.595991 -0.729427 0.335755 -0.366843 -0.619278 -0.694205 0.714298 0.290570 -0.636669 
0.596474 -0.728960 0.335911 -0.367764 -0.620211 -0.692884 0.713420 0.289751 -0.638025 
0.596958 -0.728493 0.336064 -0.368684 -0.621142 -0.691560 0.712540 0.288931 -0.639379 
0.597442 -0.728026 0.336216 -0.369602 -0.622070 -0.690234 0.711658 0.288109 -0.640731 
0.597927 -0.727559 0.336365 -0.370519 -0.622997 -0.688905 0.710773 0.287286 -0.642081 
0.598413 -0.727092 0.336511 -0.371434 -0.623921 -0.687575 0.709886 0.286462 -0.643429 
    42 Case ./DataCollectionSim/ is  40% Complete at Time =      400.000
0.598899 -0.726624 0.336656 -0.372348 -0.624843 -0.686242 0.708997 0.285636 -0.644775 
0.599386 -0.726157 0.336798 -0.373261 -0.625763 -0.684907 0.708106 0.284810 -0.646119 
0.599873 -0.725690 0.336938 -0.374172 -0.626681 -0.683569 0.707212 0.283982 -0.647461 
0.600360 -0.725222 0.337076 -0.375081 -0.627596 -0.682229 0.706315 0.283153 -0.648801 
0.600849 -0.724755 0.337211 -0.375989 -0.628510 -0.680887 0.705417 0.282322 -0.650139 
0.601337 -0.724287 0.337345 -0.376896 -0.629421 -0.679543 0.704516 0.281491 -0.651476 
0.601827 -0.723820 0.337475 -0.377801 -0.630330 -0.678196 0.703613 0.280658 -0.652810 
0.602317 -0.723352 0.337604 -0.378705 -0.631237 -0.676847 0.702707 0.279824 -0.654142 
0.602807 -0.722884 0.337731 -0.379607 -0.632142 -0.675496 0.701799 0.278989 -0.655472 
0.603298 -0.722417 0.337855 -0.380508 -0.633045 -0.674143 0.700889 0.278152 -0.656800 
0.603789 -0.721949 0.337977 -0.381407 -0.633945 -0.672787 0.699977 0.277315 -0.658126 
0.604281 -0.721481 0.338097 -0.382305 -0.634843 -0.671429 0.699062 0.276476 -0.659450 
0.604773 -0.721014 0.338214 -0.383202 -0.635739 -0.670069 0.698145 0.275636 -0.660772 
0.605266 -0.720546 0.338329 -0.384096 -0.636633 -0.668706 0.697225 0.274794 -0.662091 
0.605759 -0.720078 0.338442 -0.384990 -0.637525 -0.667342 0.696304 0.273952 -0.663409 
0.606253 -0.719611 0.338553 -0.385882 -0.638414 -0.665975 0.695380 0.273108 -0.664725 
0.606747 -0.719143 0.338661 -0.386772 -0.639301 -0.664606 0.694453 0.272263 -0.666039 
0.607242 -0.718675 0.338767 -0.387661 -0.640186 -0.663235 0.693525 0.271417 -0.667350 
0.607737 -0.718208 0.338871 -0.388549 -0.641069 -0.661861 0.692594 0.270570 -0.668660 
0.608232 -0.717740 0.338972 -0.389435 -0.641950 -0.660486 0.691660 0.269721 -0.669967 
0.608728 -0.717273 0.339072 -0.390319 -0.642828 -0.659108 0.690725 0.268872 -0.671273 
0.609225 -0.716805 0.339169 -0.391202 -0.643704 -0.657728 0.689787 0.268021 -0.672576 
0.609722 -0.716338 0.339263 -0.392083 -0.644578 -0.656346 0.688847 0.267169 -0.673877 
0.610219 -0.715870 0.339356 -0.392963 -0.645450 -0.654961 0.687905 0.266315 -0.675177 
0.610717 -0.715403 0.339446 -0.393842 -0.646320 -0.653575 0.686960 0.265461 -0.676474 
0.611215 -0.714936 0.339534 -0.394719 -0.647187 -0.652186 0.686013 0.264605 -0.677769 
0.611713 -0.714469 0.339620 -0.395594 -0.648052 -0.650795 0.685064 0.263748 -0.679061 
0.612212 -0.714001 0.339703 -0.396468 -0.648915 -0.649402 0.684112 0.262891 -0.680352 
0.612712 -0.713534 0.339784 -0.397340 -0.649776 -0.648007 0.683158 0.262031 -0.681641 
0.613211 -0.713067 0.339863 -0.398211 -0.650634 -0.646609 0.682202 0.261171 -0.682927 
0.613711 -0.712601 0.339939 -0.399080 -0.651490 -0.645210 0.681244 0.260310 -0.684212 
0.614212 -0.712134 0.340014 -0.399948 -0.652344 -0.643808 0.680283 0.259447 -0.685494 
0.614713 -0.711667 0.340086 -0.400814 -0.653196 -0.642404 0.679321 0.258583 -0.686774 
0.615214 -0.711201 0.340155 -0.401679 -0.654045 -0.640999 0.678355 0.257718 -0.688052 
0.615716 -0.710734 0.340223 -0.402542 -0.654892 -0.639591 0.677388 0.256852 -0.689328 
0.616217 -0.710268 0.340288 -0.403403 -0.655737 -0.638180 0.676418 0.255985 -0.690601 
0.616720 -0.709802 0.340350 -0.404263 -0.656580 -0.636768 0.675446 0.255116 -0.691873 
0.617222 -0.709336 0.340411 -0.405122 -0.657420 -0.635354 0.674472 0.254247 -0.693142 
0.617725 -0.708870 0.340469 -0.405979 -0.658259 -0.633937 0.673496 0.253376 -0.694409 
0.618229 -0.708404 0.340525 -0.406834 -0.659095 -0.632519 0.672517 0.252504 -0.695674 
0.618732 -0.707938 0.340579 -0.407688 -0.659928 -0.631098 0.671536 0.251631 -0.696937 
0.619236 -0.707473 0.340630 -0.408540 -0.660760 -0.629676 0.670553 0.250757 -0.698197 
0.619741 -0.707007 0.340679 -0.409391 -0.661589 -0.628251 0.669568 0.249882 -0.699456 
0.620245 -0.706542 0.340726 -0.410240 -0.662416 -0.626824 0.668580 0.249005 -0.700712 
0.620750 -0.706077 0.340771 -0.411087 -0.663240 -0.625395 0.667590 0.248128 -0.701966 
0.621255 -0.705612 0.340813 -0.411933 -0.664063 -0.623964 0.666598 0.247249 -0.703218 
0.621761 -0.705147 0.340853 -0.412778 -0.664883 -0.622531 0.665604 0.246369 -0.704467 
0.622267 -0.704683 0.340890 -0.413621 -0.665701 -0.621096 0.664607 0.245488 -0.705715 
0.622773 -0.704219 0.340926 -0.414462 -0.666516 -0.619659 0.663608 0.244606 -0.706960 
